23798954184
58200686559
28650129463
28221397026
23893211504
18198334393
19599250291
19099188039
23797457275
26423510764
19399179694
29128117060
23897967499
22226235312
26379943400
40002394267
58252981035
22992294178
23693899317
22998020038
20499908029
43660433512
18999869169
23494296119
29157567860
26183599890
23799167882
22293229788
23698197578
24327510103
23593981859
23098224725
29814440204
23694411495
42620487364
58200235427
23993712367
43754851532
43101943433
21576899852
22293663966
19099548278
23693678757
23598372606
23793327631
22999020108
23898306326
18897670363
23598376129
22093751527
21999883085
41168078821
23998649099
40402566206
21898311506
22093497911
22898317682
23198353338
25828551900
28765033667
23994648031
58250958352
18899360725
23593172227
21498107447
23993884592
26773132466
18999386184
23898206316
22993875520
41220942967
19499716650
47651206860
28180217710
28066740091
23498464370
58250483806
23761207372
23298661791
23593550118
19399557210
23893499081
22093667056
52302439841
58251386956
23491632394
23798146342
42000560864
23498124013
21144731496
20199555988
23699147472
23794131950
23993960248
23498342151
17691076316
22998802317
21599551334
14082555742
22998722556
42512749837
24837018605
21997806732
25376193576
23798425215
23793552315
29214440207
41054671902
24837632124
29819573723
23793986979
27214759802
22993716380
22299158745
58200281827
23898673276
26150162807
20098928243
26279734407
40101648708
21198028754
18999659855
41503456698
23498850714
29023430932
19098032270
23893213192
23598547620
23494161767
22097615583
22693715876
20199494576
57450875518
22498187617
23685176850
26579298304
23498898374
22294429610
42102944240
21797924445
23798582285
23998355109
23898899230
22598531079
23794319408
25993204315
23592663734
21797982527
29833668067
23593709515
23197292980
23897739733
27040383042
22493421517
58253638751
42319236687
23893473763
28977345405
26034727646
23598348005
20597737456
19098020987
58200140002
26866874653
23994021244
21099607028
29150038073
23693664243
27080711542
22493897134
23994380716
22794250952
19397996827
26279734362
19098022459
23397633933
58201787258
27326050462
29029519312
29477901778
20897995322
23598167915
23799113498
27936753258
58250785494
26557538117
23598829655
22793710868
19799357902
18597998593
23794418685
42220516406
23498781270
43208765699
58201106274
24938799362
26959887808
23798443655
23298527282
23798657783
25843687675
22198232112
23093682947
18698043202
22093746894
23398465905
19498010528
22293490123
23698063811
26867018897
23893426447
43471581554
23594283241
40750792064
27503809976
24580813738
43551961534
25892500317
23994395756
20398089932
24739189352
23498454364
23197745093
23492814287
23397988750
23694443410
27838460763
42511644412
23397739684
26838743809
40067808870
27029194409
22292838660
51702732242
46650110937
23794516643
22293648484
29534841542
21299593136
23293053031
23598881682
23094385443
29671838834
22793250010
23498125991
20297984426
23994261699
23794273325
23093698895
25933347590
44011522258
25358629497
23298202027
23898384757
23598130907
23698168322
22698908671
29435021364
23697677196
23697469096
23593847014
22298057888
27633852891
23698734628
25400786689
23797904300
26204617420
41972472232
23094709720
23494509975
27423132576
29113552411
41924866387
23998874252
22198452877
22198151638
22793960961
19899553594
23494353117
22198210117
28718394640
22898124708
23498515842
41700332964
23594196994
23998544627
22194189091
23593544513
27387256587
23899013225
25832781001
22598470647
48250459634
40403362091
23193149963
42671586345
29526407468
18699692579
22598148649
42472481396
26733612471
26237706523
23293870711
42725133644
41008726452
40350227599
23598150585
20399840586
23498956977
23398208843
22193976848
18597990951
58250463555
23998414535
23398571894
27015034147
23594276281
21298005425
58201676867
28473030200
22598029609
22993098303
29167984305
24675840730
22093264286
23398764593
20997994890
20499602613
23094707364
28841898769
22692830794
23397314587
24385100389
22498139537
23398475868
28103839555
29335021563
23897685592
22598144968
18298311150
40602414766
21197728826
44067090459
18098178315
26923137384
23997414766
23598730735
23794332708
40105581165
20798143646
21297744268
52750211486
41401604277
58201145113
18897820945
58251019881
23597591519
28369747792
23998141061
28241868173
23193043477
18799546129
28286375092
27760672331
29704570085
25026429710
43050121467
28221199837
21798102509
42650218496
24606535986
18497614914
24539004981
43256386743
28979860281
40819585614
22993156332
22998427672
23594459526
22494653859
58201434978
18299892492
25634060664
25058631271
27757233384
23898851840
23698955494
23598853754
25687968615
18197807864
23993807925
43673166120
23998334631
52550083709
23893573199
23693553022
29711634009
29578964947
23193875849
25607547474
23193252883
20097734140
27608248076
22393884129
28769015097
28826709119
22393192988
43451527305
18534221407
43161776816
20599608537
18298129875
42653127483
23698636128
26030783670
23098438765
23993329851
23797617055
23694625655
22493868159
58251005007
27466028309
23899129357
19397099137
23298155918
22993948375
28330622992
24394325847
19199318477
25374362015
22093751477
23293728713
29139170017
22694447301
23794359713
23698167803
41924444542
23393897741
22593089341
23998892424
22498051096
23394340374
22594285630
19897980913
20499184193
20097805145
41369130488
23494204107
26377861297
25247202591
40861780996
23298472807
18298020868
23994334239
28214340623
23798172418
23396080817
22698026397
43671224679
20698101980
27938341085
58202318273
29238159642
22198167897
19297973150
23993134430
23998723406
23493970547
27278495587
22897315001
22893117668
58250516709
26028257493
23798695707
22793666080
23794134384
22798124111
22893653895
23998292033
23893598598
43923918932
22093671064
19999591772
23594181624
23394014576
22393589381
22894376444
42823337338
23494296389
23794008157
23298538395
58200260164
22793190014
27625770498
23598320003
23193283531
19597806611
22498835223
44650386510
23998549061
40701479418
25574110354
22492497251
21997670105
23197897132
25546355717
22197558684
23497314623
58251003174
28716899741
22093594451
23523870568
22994178328
23898678982
20997808533
24428426594
19599608706
23494339161
22893643588
23797309748
27603512954
23398933999
58200335518
18699230319
19298034069
27283966812
23893628386
23298364821
23898012916
23898623988
24250072733
29457441777
28562537781
58200338800
55900587847
22598865597
28618566809
19397988090
18199196316
22798663240
45150131429
27533897838
40306772093
22694421844
23893333040
43670950995
26777574472
40571580731
28051124733
23498389856
23998156929
22593585247
22097684518
23394192705
24938843093
41970685353
29720164288
23198327650
23593551383
23498861114
22894066204
45950652554
27221782699
22793723047
23897606788
42560157288
23598834237
23798636262
23598553284
23498095947
26665888156
29487134355
44400796253
58251168021
24280988323
23793000148
40219240286
28161634218
25136903489
23594192810
23998788225
41050574589
58250895862
27904603515
23993214739
22893792136
23398379214
23794049008
58200497332
19199604766
58250135822
22893643266
24376447340
58200012352
23593666632
28387371555
20499871386
20798002832
23793639507
41908320493
24974531670
23897321716
22292659900
22897976231
23298945482
23198140861
20598581644
22998184374
55450811897
41724376228
41508707121
22093020071
24631247670
23498693844
23793694626
19698021777
21297625731
18197431604
58250058571
43250183329
21598002003
23994287568
23398511338
22797686357
18597932941
23794349433
22098923667
23998302947
43671201013
23398228857
23094431622
20098103194
23398906612
24257586807
58200865901
58250394261
42602258348
23593711061
23099039545
23662485424
23698212942
28376191679
22498733179
22397900510
23598219251
29530791873
24318265775
20099673337
21899306983
23898841933
58251042058
22297918000
27711854471
23598189594
58200115785
23198049565
23494391917
22798851250
43903023541
22498346007
23394353034
23398942654
27283518060
23898785712
18498481884
24897116125
20399579780
41850867852
22192922569
23893406211
23998203668
23394321949
23598547719
23593920018
22893227422
23998365993
23198069253
25830179563
22298863429
23993853489
19699492745
28021315465
23898387682
24324893211
23898769455
28167203222
23398556099
22198857717
23593621892
22393188583
29126422764
40803270429
18498041979
23897881395
23993258012
40063919299
26472203705
23994360318
41510712081
58201022941
29003660172
22197292894
23598898737
23892841617
23798167087
25480261356
24946991768
19597799055
27388640578
43622485202
23893771294
23498440131
22497294699
23594044185
42318064444
23998506905
23794280204
46100578466
25369712709
23498120667
29923753244
23098167885
23093249770
19897870336
23498728413
22897749690
23298309214
23598923048
16787259077
29317736657
23797693443
22498230142
23798793077
18299659829
58200413065
22598487118
22694546453
24391509815
45400259313
58201152978
23091541100
29477901747
23193715822
22193511695
23493851344
20797973354
23997979022
22197735648
23398225246
23393869220
28308882306
25774116798
23998343543
22797584361
27888750816
23693613315
23798750665
22892811057
18699311913
23794231308
22898184034
23593874399
23998396802
23898775134
28923007941
21399592663
21997981026
29656845305
22898020465
18099382301
42473252120
22797559874
29828369806
44252596663
21855195965
41417912861
23694276326
29353032960
27973262458
22398396050
19399214268
23898145878
29126239956
22797976210
24369628738
22397309677
23698340446
23693908807
22797708023
27284374855
23994372346
40765530628
23994052258
27826906637
43650739494
22062480591
40462268325
25693190211
22698156037
26028257492
23899145519
23398695685
18098074560
23893673741
23493857549
22398415810
22598216681
23698851004
19797659613
22698085500
23293670608
29931120777
23498654472
23293875573
25701432694
22597914591
24838707746
23293247987
27073337672
29115820950
21798024261
18199605929
23798898553
28069200519
58200794381
19499587088
58252870066
25637814656
19799230604
29333516513
22198082571
22293204099
55850641935
22294183972
23597735344
27018120404
56200942300
26279327283
23727670658
41452579755
27476132912
58251175962
23898672239
28628121152
22860214273
28801527093
23598547696
42401686068
21097640488
23998649100
22993979766
25335297232
58250241650
23693480008
42703367127
23294402610
23893419544
29566882213
58200443714
41651523502
23994383476
29190555490
43011318256
29716664483
19497981000
23798300406
28577779418
23292846780
23398324111
26126391788
26079282618
58251170610
58250276673
22499039973
23998649097
23994176642
27532827849
22998181759
23999030563
23899175108
24424084680
29466583477
23294414328
23394344402
20497968542
23496042610
23098938317
26959628011
22793909139
23393647860
23793956422
24834028756
23693564270
22093736071
22193272941
58201142856
23998144673
27284449969
19499262382
23694530569
22598183635
23398122459
23898645310
23793667297
42965121908
23798792782
19798076387
22693243518
23698398738
23598327322
22293536076
28036558241
23399175502
23593683891
20698270434
29566892081
22598230108
23598717384
23394356189
23498342128
17399467145
22494285815
23898515466
23293691112
22892837299
22493421514
42361553471
28068951344
29532788391
22393596264
23398910850
24475088995
20399263878
23998168846
22693641354
40451657398
23798468529
23797990920
23993910803
23194354372
23592925690
42560089903
43813727081
22398149269
19497997555
22492798537
23693405732
22594374973
26401527181
23399027264
27117972086
23699005242
58200308821
21599676843
43853232796
25829102102
23498164011
22698192311
19798315646
28287128666
22994376442
28831394457
25888448498
23494294360
22098884738
26011790113
22293725100
24207586685
23297624522
19599547230
23598427121
22198020417
28536757789
29519566055
23598923573
23793679916
29541964048
58200486777
25007157924
23598930878
23093854465
23698551762
23594343434
22297598552
18098005208
18270726431
29136768207
23798400605
18299651111
26257241287
23494418184
27993302174
23498715299
23535640325
23996450246
20399607819
23694678906
22093832722
20798077936
23994047118
42166779927
22494448861
58201060175
27827723813
27461986558
23997478040
18699567842
18199647766
23793708024
26821002886
23598723759
22993492028
21397733715
23998343611
22193367023
22498375855
22199044308
29584373444
23393398794
23298394537
20498317323
26427839752
58250123510
23593259110
23898147635
28783958293
22397724229
21398001539
18999598311
23498820172
23693733404
58251547365
58250132241
23398555957
23701984814
40518068672
24026164965
23694455878
23597762673
40803924357
28981890450
23898710083
24700253177
58250134140
28182311766
22697766855
40302709689
23497434337
22597359621
23994343739
21499672231
43501655773
27919007682
28686137930
58200448316
26741938142
19499323933
23098907996
27367984412
23297969591
27076272792
23898899218
58201186750
23598636940
23394484693
40563262872
28722681045
23899128530
20797978306
23798956942
23193876281
22398140608
24472049092
23893127375
23798735961
23598556293
21798033634
25545899892
28384453703
27935019157
23698381882
22398039229
20698025093
26426677723
27530224090
58200795532
24334021050
23594277769
28317312811
28253658123
20799544847
28073017305
22293413700
22893169565
22997840221
22594657395
58202487955
23993118277
42324543174
23493841847
29487251550
23194330013
22097365805
23993714586
23697502545
40365264857
41372558460
23798353899
29885345284
23397911954
23694322207
23394275005
23593711017
22297613729
29034182411
58200308959
19297871273
24985574420
29702014779
23293281531
26178112550
21299594170
29721769251
26232302660
20199890056
41922472917
23793623901
22593853987
23293535050
23498639142
28266869825
22898083907
23594272268
23493675154
22994268082
23694184943
23798192241
24330799796
21698025734
23698924563
19797983479
23698542101
23398114229
25856365770
28780677386
28789734725
20797457394
23794154178
23293870710
23998218904
23998763905
23998450872
23094268173
43219342318
23494455701
27757233647
27490481766
29335021565
22393551864
27627888954
58251236806
19197788521
23699157285
23098391467
23993533796
27234944054
23698477032
22693553246
26313668995
25389048498
22996297107
41169233687
58201775796
22698154806
23893760012
27964697667
29959924755
23097895907
23193569742
23893002909
21099500094
22697608795
22998351088
25811382579
26908645525
22793967583
20397617249
23998737019
23093394247
23398983983
23698711948
21397982478
23898186241
23994296729
23693887001
23394346753
25272044681
23893400553
23092814164
23198178119
22098425984
23092861155
22760325505
27850941429
23694436264
20699863525
29371675257
23898197814
29542488198
23498712120
50150757481
23998662909
23998447382
23397336713
23898535353
23497641709
22793802940
23898058611
23893688268
23994052540
42001731162
25869708272
22098069879
23993805939
23698388607
23298553849
19797990827
27808124425
42312378082
21299596287
28376636393
27280828864
22497894072
23998825891
58200032692
24300259754
22693732570
22193671752
22494432402
25945954242
26976534930
40303024489
22998802325
23598200545
19598141829
14391223206
23998685083
21799581148
22798124614
22393289695
41826188306
22594150893
19298207408
29839493326
42102944177
22391129872
23498789191
41013884398
20497986615
22692826587
23999157935
22697766580
26491291649
22793277303
26657207345
23898220641
25968310825
44359495473
18198374282
44362460299
22593099854
22593640610
23791632223
22394448751
27416211960
12822329660
23698542033
43206660772
28520546700
44100555644
23893382332
18399228451
19598647390
23294301697
28127768785
27068403502
25396319910
21699831391
22394518881
26257053375
22698332121
27521905067
23993819176
21297926540
29737223895
23592869137
23497687736
40050809481
40112559445
20697978497
22398226053
23098453141
22893174155
23198168138
23998649103
43818459490
23498544304
22793660664
42400551090
28613547849
23898831907
42750445302
22797587699
23593687456
22598076089
43570618254
41411430611
56400305885
21897976728
26257009972
19197805283
23993103459
23998877745
22998666520
22493560587
18797689784
23892856253
27259892515
23993934774
23194626702
22498842976
23893504611
23197769809
26936453409
23494280886
58250150937
23994482819
23793225502
29368856904
58201700935
58250123199
43810832756
58200242677
22498242042
40524537963
23893769446
23897744397
43509338620
23898375155
23593623925
22198830734
23297343679
24121974203
21299564011
58251017763
23998329524
22997560159
23998386272
25874110827
26173779452
27641282068
22194405530
27475264791
18237706880
21997762573
19799774158
26829194345
29775924574
23493596727
23893644192
29935192425
58200829338
26262395491
23793628131
23798345668
42970373472
24206536159
28907571258
23493910225
25037424323
22998426755
18498044705
40361780856
22793711229
58252535463
23998210526
43625402635
23694277996
23593981880
28482722727
23598664237
23694147729
27803936271
21099676794
29529280898
28939247638
22998184552
23497746986
26593488360
22597766897
23798867175
23494037083
24876193753
42556651741
22298140487
23997488071
26257241199
40401794367
23898829050
20699554281
42451653729
22898658438
23598338716
22193739844
23297630139
22493729338
22592921311
27577712199
23897416481
23694331293
43201323727
22794366885
22294213578
23998362858
28936401176
18899198663
26264186356
27728744144
23093969308
41875411912
23398636165
22193865211
22198197066
22498135428
22197717216
27670107385
22698997233
23893169341
23393591149
22399197004
21298033832
22493641497
23499023357
23498389379
27971674448
21597734424
23998172390
58250135848
23498173570
22494415371
40215268466
23598906298
23594160400
23594142715
20297262347
43604695049
23993571508
28181622905
23398811091
57451525684
23893148035
28777786777
23097917083
23594183774
23398144541
29433893896
21098025547
29551929735
25337641535
25897689463
27029752323
22793659055
27961626735
23892397390
22597315517
22397982444
20297726082
23798764384
20098015128
23594363551
23994054485
18999585450
23693960199
26066999946
40667061936
23798027191
22497300172
22298338757
43500803777
28084530229
58200238943
20170184312
23594192648
17894146957
22694407811
19499714443
21397974752
23794535936
20099832859
41273341499
58251432339
23994027730
15794005169
58201187327
29402872055
40051669124
24030776381
23898185375
23598154756
21798000424
23789977179
22397751270
27751052301
18399730010
23898953026
21998277646
22493714285
29369576700
25339024672
43960625078
22593643275
22294770067
23994447754
41070621091
25380402848
23798658451
41903209551
22798836645
23694341415
24731812587
58250201097
23694028733
20299495330
22898457398
29223332981
58250584227
19899258239
27063929441
26856604364
23798147873
19799379475
21599381821
22197858491
23393867344
26573012773
43250183368
28180681032
23993935012
27821621201
58250146636
23893500634
18499372075
23298832428
19299310409
18599264723
43722459396
24466523157
27666445147
22798101369
29656899725
29373744074
29471788755
22193268926
29516855862
44414183069
23993647670
58250697031
23598151051
20698075298
28777225398
20295356231
40703231362
28914234192
21897670117
27429959626
22898324413
23994517511
24385138025
22093187938
19099333780
23893175374
23998649107
23398896458
22993245602
26686520662
25852020039
42474162823
23694482748
24983795621
23498424477
26922924529
22893971760
22493749600
42958602712
58201079418
58200260535
40818259678
26229856309
21399702314
27427265947
29560508719
23694282280
42253680488
18299638244
23093117370
18598101441
23994618513
22793634148
18597665907
23698654198
22598065888
29810158645
58250031241
28612537650
23494145528
23698518324
58250483521
23994330058
40517087471
22698069743
20899591807
27268347702
23498110979
23398063647
40310672759
23494419784
22194218094
22393065470
23898978776
58251376437
22094324695
19898500583
23494302920
23698228504
28077503027
40473134002
19499565951
28111288929
23598188238
58202994712
20897618966
22893483707
23697552595
58251036286
23793657132
58250766765
23598070052
29627574265
23893375526
22193760366
21448977667
22297750276
23798696030
26923444833
23298397926
29308684926
23297641810
25176405416
28171667959
23893174856
23694401048
22699017432
29923572831
21498004511
58250018965
19897969162
23393197218
23298050793
21197797751
42170657137
23694198378
27817724164
43309492196
23898144484
58250505432
23493813619
22997979291
23492124668
26816676221
21599704619
28727478611
18999233487
58250799280
19398035625
27636386305
29389500416
23698888343
23292809219
22393529249
29428711950
27627537164
20897973991
22593652346
20599866882
21999186491
28018894718
22599022670
23198069215
25095893621
23998065929
19697655492
28528373500
22103036132
43523200003
29232796889
23897828068
26428485687
19797763515
18897158676
25489964111
23993533962
21197734881
22192994767
29078711983
23493724649
58201355201
23494292693
23994052576
29519625766
23592798287
23899107955
23298824591
22794705050
43369875378
23493969915
42520653569
28605712800
23798189203
19139108260
23093054764
22093937108
29276312222
22693680481
24644129270
23593732188
23493645555
22794301673
43400917726
22598162589
24958911774
23394311881
58250308230
23494366064
29523584828
23698371942
22698813451
28756084431
23798745138
23498534206
27512395951
22997492468
22094174439
23699044723
58200775734
19699379830
43854188903
23697835878
22093751463
23498799104
42673252254
23794509456
29157321982
26036803293
29284241345
23597060087
14671358122
23297647273
18199226273
22698881511
27136752529
18899568795
22198931421
58250023082
23794046312
58250651042
28177781496
22493856474
23793661595
23898049267
20598077710
22192796120
24219288719
28423074461
18971312781
29211629171
23598652503
44450553244
23197594944
28271673845
23998539573
23893364570
40018108660
29365623096
23898804758
23693703801
28006583555
28419279374
23498824948
19998017629
22098157294
22697998307
23394144045
22592597383
25574109710
23993659986
22698920892
23799035708
22398304297
58250483537
22198852894
23794392062
22498165641
22260320147
26661634274
23998759419
23393662521
58250248472
22593681524
41622475747
23898138866
23293850924
23794642027
23398023652
23294203221
22093259705
20199208525
22197784401
23898953067
23698193315
29403016440
22693253356
23798339524
41760425588
23998186027
28970974935
41650734746
40550918664
23598677259
24565549975
18399568098
27932478951
23697318390
22593416598
22498208156
28726045127
21599192254
19470725995
20997977883
23396840185
43250411523
23498793770
23994447602
58251052909
23498957125
23598661580
25571699034
23598511149
42850625464
22398074030
26061131247
22993343553
23798472823
19298030783
18398922704
24357064798
58251248935
22794491806
23794034133
22598079715
22999118534
21697622021
21099903506
22797993789
22994489473
27618108641
58201002987
23197699442
23398062749
23394172046
58251083787
58250478454
58200424835
23994018625
23598167675
20498131489
19499663067
58250739191
22093494307
28066838758
18098117192
43150218057
18499211842
23392997144
26055310578
58251387074
58251006439
23794337557
22099046297
22193630775
20299545189
29417736545
20397726366
24124109903
11561889789
23098580660
47802630912
23594289598
23998389422
58200222893
22398120557
22197756835
58201287584
25819721872
22497698603
19399209255
28153516886
29237827047
23393487992
23693134672
28127848382
41100620155
58251874630
24541815900
26929851359
22094407368
23594305575
23994070572
27168847578
18097473299
24817875054
21198076401
22898140305
23193245730
29405974010
23698868907
22893189088
41101730257
20197737794
26684585218
23698774354
21698315265
22393680383
58101998039
23695874334
27677718122
23993622979
43708594675
23293336996
24630402414
23799020154
25576407254
19797762347
28720173159
23898087548
23392833641
23397068864
23796121712
41919500164
20499608548
22693506990
18597765597
22798224582
23437429164
40453940231
23698803460
22397602519
22993815715
57350757328
58200234350
44020085158
28491277428
26129303036
43101535188
23298151534
20399866530
22993422438
58200326780
42725787851
22793492466
19399555270
22994045688
22994402435
20699758804
24100513477
28501793555
40469233694
22297563618
25606631841
23093265590
23598823970
29281604264
21055339601
23994330957
22693649401
58201053879
26779851760
22293875584
23498657080
28915019485
27676937287
41256736355
41652504865
22193670510
42170882519
23692446153
23797281217
22498670766
26408623144
23294338987
41972473615
23994148143
25740270007
27176050344
22293689359
23094509449
23798810801
20598263221
58200465777
23998074816
22694349535
27777578323
44101523022
23794408562
40320377981
24743684045
58251461552
28251158597
19998273389
23798846729
23594203911
23593931437
42453864739
26179293833
23198478771
22398341230
20399606054
28270428125
44070516302
23997613163
26375973604
42900164589
22793584215
29578109404
23893950565
28883321902
41853014528
23998334658
23097834355
25007364142
19797795015
43722507698
20297981105
42851901376
22794681184
23598548037
18199711487
42150854290
22793963866
18498042608
23799127099
22692804901
53750801017
22493729356
29489201904
23697459212
22493484948
23498541220
44171208496
40123702967
28366664537
21399548246
23193394171
26528485558
18499567521
22093889486
23993242959
24970423122
23497711565
23893792957
18798037195
10173521074
28100911993
41552705622
23994211709
43300910425
22797389911
23893783258
23693625541
20899310316
26423385401
58203185537
43950339396
28700392120
22993011323
23994429074
24830738067
49400385245
43261423231
26214099890
29179846492
23594329890
18699599115
22897647310
22798888931
29134909991
26132599917
23793975854
23593659613
23798765534
43101626999
23794455771
22398357619
23797714051
23598700507
29582822899
21597610929
23493487915
23899017139
23299042105
23998727800
26077999562
22597378182
18899592106
21699358883
22798945917
40213576852
22293816868
23794234436
23593575503
22497918199
23298418215
19098016986
18398353782
23599027094
23994308353
23494250166
22794556010
21997795248
40108703581
40022723609
22694359715
23998044775
23398419281
23597623750
43908059234
24640300844
23092813216
26020907313
28269002327
43100869364
23799035670
23898007705
23698426979
27770443821
58200990884
25238460728
22197769755
23893498361
42723446214
27007607739
27810464255
23493667136
18898143595
23794344198
20699497888
23698223138
28671617104
41470909848
29567320365
10561906557
23798032460
29917736613
23898136662
41651623748
23898191764
23494280081
43700169388
20898919153
23398008423
48350838916
22793871192
22994310569
23498947706
29134526092
18299633097
23797422039
23998377602
21797805049
26593740167
26870984436
28776915289
22993962934
18898037292
22097601265
20998090122
58202545069
20898487378
26427827334
28322312132
28826505170
29919282730
28457061180
23893695301
20796969636
27305042973
23093643021
22998240689
23294325616
23693505434
19997992735
19398037082
23794188649
18899210092
23498798148
21098024763
23693890065
16096917857
26229856598
23498852948
41708060999
22860369363
24027510218
43752445940
26428485693
22794436695
26511921205
28006513876
27967443808
24431592914
23198077752
28570864569
22198438343
22998134139
27555951984
41969233784
19499667485
40250358860
44408606360
22298209887
22097441667
22398364397
18799596391
22093691870
23498335798
28517888134
23698957655
40509464110
22698585065
58200193769
23998883543
29080891224
58250526479
28455791654
23898030419
19998142134
29379846558
28372771529
22994037128
28077560961
19397735070
53500942384
58200140078
22693562057
23998777073
23093689118
23197127227
53954351226
23294414252
22598075787
22498801496
23798834462
26372825680
40602174989
22598680525
58200233933
23893240962
23494424594
21897612219
22394420135
22298318380
42651524212
41007528914
26683475060
28537202723
21599332482
22598305947
23593527471
25874774984
22094367825
28217473370
20299673484
23494431160
23393925867
19497927927
22398844012
22694566626
27738958977
43553202054
43217259834
27758434918
22199198883
23694288107
19157383735
23998872330
23698885286
42350283894
23998892504
24880703173
23892015163
19698141280
25642499074
23097469367
23394282695
18399605410
48650459404
23198835576
42968151636
23793875812
28876873334
23793851350
23593876565
28040045962
19999494714
22598799769
18499565299
58251076419
21899597897
23794633533
22897301768
23093493102
25235383639
27817021241
23893717471
40301533454
23093692539
23498843540
23398571458
23998384169
29827892582
22693089758
23698696856
26152020657
22898468334
42551890833
22393974733
23998949903
23794075040
23493931422
23393259288
23497904407
19599586285
23998540775
23794392532
20099189260
23993550647
23498475238
28670875670
23799188089
23998882571
22398915133
23494509120
29762388762
58250450136
23598103338
25995008999
22193251276
23197737203
23397719300
29167888128
29384238289
20098098719
23398839236
23497448159
22493974763
58250448872
27736763490
24440208992
28787134440
23293934981
25511866720
28834794433
23098030730
23197978368
22397586439
22293584016
58250306154
23598013785
23294409946
23494180774
21299199318
20797673260
43408059130
19499650819
21599187168
20099245165
23599175577
26018043587
22998175041
23698666722
23898004663
19697972776
41017080808
23098135809
21197723803
22693641341
53801750246
58251080562
28155033408
23693611123
26833605761
23998889474
19099603407
20898004246
23698882721
24588483424
23098342311
26113984512
23593811785
23792627567
42352075220
22698148594
22893504416
23994020273
27661998436
23193673015
20199833548
23594327108
23694509182
25792861050
23994611202
23198509900
25489870803
18497358029
20667785620
29083877010
23793246992
43001667133
25193577666
18352601884
22194709126
58201283441
40618085238
20699094442
43451610450
23594254230
43272477340
58202399725
25835087560
23694349728
22693553356
23998820238
23693837634
41960945104
58251018006
23793897783
44216816167
22298072490
23798399828
23493735521
23893412871
46751928081
23594217237
26566856486
27311880956
25239335270
58250135894
20698295333
23494490170
23598524785
23498697053
23993900183
18899558263
22497488074
23798711243
22493654649
23494655311
42405848137
41722027461
27933852830
13132079167
42900915186
23998213476
26572730287
23094171014
23293643388
42454146367
23097314594
42650747105
18599921506
23699005888
22398906449
23594059422
20097979720
27826910342
20497679226
27477731520
58201451550
23698744330
23593978681
23998644469
23599027164
23298287396
22893089924
23898343513
43173105433
44060160263
58201342130
23494314515
42101661898
21198029508
40571580665
23898722681
23798781619
23998309224
27837641248
22298222560
22598373405
23591058393
22995594845
22893886752
23598737933
28909689081
40464415177
22997427038
22294731587
22998318408
21299901960
22294648188
43852707516
22198108493
22393502803
23398811193
23197351707
26860607653
58201058367
42201533673
22799156050
40762393640
23794299317
28243216872
23498764429
22694706925
23693842887
23998862078
21799442971
23694317766
22693675175
22694407756
23994241017
21398138643
21797978786
23597890561
21098002079
29906083259
18297834370
23698542052
22499157119
23897830586
22198449364
20899591811
22193858386
41401880327
24750252477
23493098768
23993654066
23798326836
27526029500
25419288552
22297610330
26937357500
23898426917
23598766198
44408320392
40957629103
22793711226
22998912485
20599606050
26180163507
23693984879
20798091358
23393625876
27855789233
23493978640
23496123965
44169229803
23292818042
18997614647
58251130635
25341247593
21498258046
23794008282
29477901746
22193574104
23794336575
27666680408
22293969609
58200469789
22898468393
23465230693
23998201858
23299154261
26038173424
22793174005
23594151086
23093394386
24280412212
18599255676
23898317475
23698419773
22693572281
23698339475
23798195530
21999603109
23397285948
23998377590
23594438590
27863928662
29191922793
21898255410
40558501726
43701401492
23993922091
58200606520
29611639040
24784207842
22294572212
41706649508
22798165438
23698180169
23193636297
22897321211
18599606147
24546991788
23897963054
27329860770
42323746762
58201544308
23598791433
23599005872
19097636794
20397732758
42518074040
23998649092
27554196756
40905539102
27862592251
22597543416
12897757258
27080823877
23294699535
23793941579
23793841331
40158063521
22997427086
18298017414
25828837785
23497772144
23794516149
22993590138
20599862623
22117012860
22393202765
58200346625
23897557564
23694674677
21799647869
22098667545
22893198261
22398191884
18897988770
27393322096
41806932100
22393288303
23798922097
22993643016
23798694164
22997557329
23786231099
19799321797
26210125441
41811329688
18197842043
18899614092
58200479316
40658073029
23498724665
23294178102
58200308985
24925077365
24482696350
23694282829
21198492309
24637424148
22193259142
23798074663
29579030980
23694249407
22598147310
28751732080
19098030875
42522476775
40520139377
42950932276
23498879729
26992120233
27680375231
23694063831
26518347318
23798830104
23593662686
23997726026
24038004845
28007807899
23298452297
20773999848
21699680873
41325896843
22799202408
22193522654
24197388382
23698740882
23698922863
22992486424
22993822700
22098210821
43801735472
44004803379
23898189234
22193271919
25532646350
23698583488
22893898782
18899196379
23293637481
28260614902
23793716919
20897976928
22094313338
27333928506
22792818540
23298923913
28838739974
27974481731
22490250223
23898927448
22493578602
23394350510
23298115932
20699846290
42553247558
22698145823
23594323408
24426406840
23898115765
27008047522
43672127762
40453210270
23893711186
22398848561
18599399612
18798041583
23294177735
23598167903
23498767605
28587167257
22997764964
22298012640
22494074054
58200309071
20599608780
58202057220
29365623082
23693958843
23893731442
24195634494
29833304039
19399889026
19970726465
43053132941
42950555946
23797083180
29658624734
22897614068
29527264196
23898662685
23493920962
27720833537
58251698276
23297745319
18197749821
28876472158
26434841633
23922762207
23998409790
24747098157
29885139744
23897887669
23398904126
23998326732
23998387638
26027574724
19297739114
23998858997
18399724238
22298473670
41369641626
23993267930
20099381070
20499550235
23898980794
22492810497
20297978097
22798457355
18199713196
43950446256
18899674559
26940306510
20128087332
22098129925
23294529505
25177507757
21998101992
23294350094
23893864090
42951625488
23398811169
23598844908
19698094984
21799296812
19897992728
19199311262
22393060982
28983605301
19998202744
26241825220
21797989686
23994422128
41622570045
24341556955
58251786363
27067018880
51200642113
41920580485
22697980862
22798912961
23394351832
23293509919
23498851382
58251155352
23798214141
23594327680
23991180135
16899262832
42458300324
20899598221
42872812048
26890296668
25879550588
21799599477
29766667529
22793636259
19497685277
23498071758
40004655680
24052860802
23194406902
23697718153
23498547648
24086168879
27467904468
23994355078
23798745989
23994284295
28487007447
23598054822
29573253001
23398031587
23199140093
26136601848
23492927567
23198327639
23698361868
43170458851
23594278690
23098157090
26332651974
28200129242
20999366773
41863792118
25969714071
27558032394
23799009341
40617122935
21998277640
23294437163
8827781070
27654194823
20799575437
23998888652
23993003948
54251406113
58201118188
20899576090
25726009358
29886796797
23797720833
43420631372
19397103278
29926033568
29485089933
22798427757
22998014753
18999690623
22994175890
22693717273
22793179863
18499924589
40971786084
22593792603
26271308901
22892935699
20299599188
40468271226
18397987747
40600567010
44072457162
23998626012
43452531679
49600084908
23092862965
23598462271
22593660726
22895682258
23898999184
24738311383
23494180801
23498184585
23998166683
22497566600
24089053472
27557103305
22998138699
21899842797
20498334762
26801090181
23098953662
41251617288
23598930849
27766844057
18698030238
18097858991
22299160137
44171276301
43901611423
20399306621
22998913788
22693671204
58202384286
58200147631
22394221089
18998274481
42157563849
23893419601
22393716894
23294350156
23497724189
26168889387
23793897773
23093573847
58251054422
58250031163
23593880910
42055112046
24918720853
23598469967
26300911875
23093563437
21297924952
25242545619
22493142209
26418268924
23998380576
23298778298
23294319303
22398779843
29670111707
29273874184
44202985051
22460318182
24016986150
22098204132
27176113383
22197633679
22694411949
23698234178
42051493577
22993558343
25836637995
23893772082
27535203654
44750826243
26629860222
23698583426
22493832302
27657233447
23597694232
25053797839
23494231817
28427772262
42873271250
23798771754
27303029761
29857530714
26216852328
28636137206
22997427166
27583845417
23493860947
23898690207
19197687809
40703358026
25583731762
42265551361
22799173645
19897919686
23998065966
22599045629
23398857123
23698823213
23598157033
27522753366
22697848512
22793562953
26278233031
25981086161
22697784013
23593873491
19298269629
23993650227
23498810692
18798031328
28451034863
23093868138
44322981903
25094084817
18397765670
18299409278
58250224488
29153402281
23998548987
22593205962
22893612099
22793218725
23998290454
23192804774
21597969166
23192877575
23494421482
22185227574
29936790911
21698278792
23699158052
58250328233
23599005840
20098103847
23898697650
23698524843
23693802858
23593652860
23294319310
44419473549
21897475581
24479206378
23994482072
22093436858
43302471286
26023059936
22794251018
21297925852
44451926522
28201127265
23997578425
57101040009
22998433939
40351627575
43850011505
27429322645
23598031598
22798190122
18699559609
23998892436
42120504896
23698658192
43155121221
24192076152
58200020761
27426039237
20798024110
23693946368
23898462002
42850164896
58201013179
22993743479
23893406215
44251643834
28633458524
22693569190
22599021480
23294340984
23398857090
23798840305
23398910785
23494298779
23694068995
23497762863
26901928413
23494019133
28015038970
40859725196
23793716227
41001508063
26773510376
27783898303
40857629194
20898022173
19997973954
23693742512
29724365960
19299544341
20099542063
23294325589
43108765846
23594360483
23793636600
44103014122
23594394266
26883602743
25719707901
23693635656
22697732331
21074699756
29322754897
22693116716
56550043217
19699181258
23694352804
44050555971
28766879481
22299005563
18399863790
23893632500
19898013656
22094224044
23697418802
19673990260
23193207368
23994624499
23893406228
22299161534
22094186028
23897886830
41354733819
42415272833
21599544168
22793674424
58251237056
58200164841
27242046925
44069953214
23698107660
23094070084
42552523707
42101534644
22393593246
41175829606
27477718776
19899180526
22193640106
23598228935
23694315710
29617726890
21398199779
27262873979
23993533688
27486753874
40875530520
42817359192
27568546671
23898657829
58201150569
40814200628
23693572480
22198158494
23294059720
22794290446
21898139995
29623625630
23498956903
23798890663
23194444431
23598319370
22393524573
27491426411
23798312987
23693407551
27584853337
22793635348
29370864565
23798444525
21598006219
24020418756
23594488051
19099605344
44350247967
23798076859
23493618267
25882363528
28829851816
22398041223
23197983212
23693155480
22593205937
26822213565
23094651843
23498850777
23598706547
58252344865
22493925098
28756914958
22393418527
23994161010
26206662532
23898645350
26020901238
22692137006
29334373183
25776288948
43200742578
22893067699
23694200658
23994217182
19797990828
23694050795
44464785122
42269284307
23394283124
58200710130
23598540438
23598534642
29733750779
19650870474
23993653102
18597805609
23098444461
22897719051
18799242478
55050910322
23698041214
22594423714
23594319071
29606504969
12660519360
23694138626
26760062123
25724865926
26043466380
22698345616
23598560840
25897190227
44172671632
26677849619
40967521119
19699852447
25693038009
28708006667
21899605051
14962266421
28124146165
23493698451
23798547934
23898888974
23998773077
23693679086
23798705099
23298057591
58251057615
23798779824
43708059300
23897729207
23493713666
23394047655
20899901932
27353220930
22294324934
23892015183
22693481538
23298929256
22497750985
23693715132
27929595879
28719619044
22000864562
23797709862
23594042432
23794406612
22894406764
23698659179
23593257757
23793963297
24239050889
23594199293
23197993873
29350166907
20998025897
43651495597
43100869311
28732969812
41901625211
20499702706
23498800537
29072359302
22093737246
29172138542
23999116278
22899174176
22093193717
23898299831
23898974145
19597788872
23697669925
23891729085
22193889256
40152702207
44005234748
25974109574
23797326636
58201451436
23697629726
23898441333
29788547325
21998030549
42601541816
23693515951
26483599190
26536722251
58251054323
18367077987
23899035109
26733594534
24320308113
21998077733
29257053615
23898430183
29751267711
26718900964
44403740002
22893643542
44374417166
23899105503
22298393026
43072043137
58251302280
44101533530
22693907820
44251956626
23594280857
23693820597
58200740117
19699593003
22297730062
22298469551
29666667244
19698144132
23796736330
25093989941
29723145201
23799154308
27621076189
28875800049
26356379862
22698352129
22594319087
22093231280
23693677947
22094423587
18797807516
23798166579
19499603297
23898195802
41422497340
23493192575
23694239645
23299000858
42508322036
43901542962
23998011941
22897666349
18897922560
28542476150
23798420392
23598768000
23398859083
23998669819
24350232455
22498064400
23098042861
19198831610
22497923368
27826635251
27729861059
28219006924
23998455955
23798883067
18897749844
28408625679
28434838515
23594247683
21899551254
23497971657
28065041398
22793557946
23093861877
22800712883
22499039153
43315136533
42051524468
22309396103
58250954668
28884234825
23493648713
23394282813
24386054409
23692941195
22096976729
22797991861
22398842892
42902561578
24100252125
22397981845
23594196985
23598813778
23693517516
22693811443
22793719581
40608497657
23598326990
23393516344
27379852101
23893623414
22093746898
22293010385
22798177436
23294662706
23798707537
23194677546
23198177428
22993856861
43758076770
23893706528
23998151089
23593970537
41101616157
28804567037
24942023237
23099154821
44425521261
23393908590
28019622412
19597926411
22098163361
23993623934
26730041908
22597323267
20399545419
23893182734
23698405884
22997427002
23598134610
27429015063
29691961926
23698920766
23993672252
28613546757
29773981551
23998437319
22093887232
20298003514
29942760728
23698739813
22797743765
28177781628
28831394397
22497982275
40961518341
22193199709
42824908392
23798952902
23793897738
29484373155
43602992503
20598130686
28539225149
26286389486
24371295626
18199594312
21399573454
23393401472
20298029372
23598908949
58201349767
22198033933
51453216107
23693711021
23594361803
58200707162
23793945389
23698845462
26035287179
25927552557
58201218245
23494162551
18498040381
22294504105
58251264362
19799215303
22793524060
44272564334
23697741919
23498208625
22198217987
23793109731
23598669457
27764899385
23593531967
42354008896
22494281722
58250316841
23398556202
29435021320
23593536619
21098102795
22792827379
22093976327
24491284223
26159312408
23994066950
23994392192
23698677649
26524963592
28871301627
23197742702
23998434676
43400061364
23893662930
44158298341
24251433339
23092932063
27729026641
43801665190
22097568650
25317465549
27271204461
27570781524
28050392218
22493564701
22193916363
27666983858
23893659801
23698957802
23896388931
22792929488
29368793935
24524103040
23594375795
23598838872
23998343533
23994078955
23298183703
23493953395
58200136000
23593873446
22893567579
43751607878
58250493502
23893086696
22593353614
23797616954
22494451872
29078880399
20197753192
41052680027
27356732323
23994456305
58200714474
22594542431
58250028130
23798106440
23598920534
22894066289
23398336367
25637234266
28329905430
18999261964
43153098143
23999132482
21499888627
27756735665
22998203362
23898657810
23498853521
46450844549
23394214839
23694296242
23594183775
44201519521
28779010198
29936790871
18399228467
22093494453
23197590367
20897793521
41308072833
27119577131
22798457252
22597297935
40061310971
28679226128
23998658144
23994227652
44251514305
23998556267
25178788768
25053050800
27766207480
20898007901
40172242621
22793646619
26077999654
56501471869
23392930282
22693681503
20397407407
21498029516
22497098430
23293247989
22992804381
23193417069
27670354745
26271914852
44018091641
40911005484
22993714594
23798013984
28831394403
22299170401
22098198309
23298885796
27007240293
43923273042
22393215475
22998814395
23794354670
28518075281
53450271614
23398556012
22593593249
23498524805
22198185751
58200146272
42457268141
18799859580
21198008000
54500882900
18297827446
25384225614
29079197984
23694509329
19958708386
29708622056
23399188756
22893878438
16315256372
19297881897
23698656716
23798336072
23298774418
23993599576
21500097050
23392855474
22098471279
22692834868
18299606820
29063551269
23298850910
40710153021
22898349030
22294185479
22694563672
18876221215
23594182450
29800924357
23597744162
23794155441
23493972989
23193933723
23798459963
20398020222
27909127264
18398127272
23793548179
58251054713
23297770643
23893829489
18798041493
20598037451
29460163719
28204280612
23498135862
22099209580
23694428029
23593286941
23794048942
23293935018
27522726972
25016929670
29520824481
23698723834
23993792977
23694444548
40469233659
22094657002
18999618845
23293724546
21797725452
23297910955
22798405707
58250506476
27586988715
24668922916
42360154061
22193637159
43551502320
40909980456
26623515073
22693546553
23593573550
28736039851
26691588398
22397911537
26260912442
28521011721
23293155666
20399334284
23798317764
18899569804
23698211446
23393728544
29857007685
27468800995
22493171564
23594250917
25984870939
23998714034
23898850070
22293893773
29418263425
23893358497
22098240080
23998029040
23493672005
43851347758
23698221040
23593812046
23693639012
22098562979
21399493394
22998907231
21297926674
23598558371
41864978819
22398080436
23498312262
43868644789
21999601936
25597349911
57500608248
23494237946
26167662024
22393643566
18597317016
23698509582
23893723809
22398375305
23998756836
22193995477
27968266589
23898647556
23397743450
23715453065
23599123539
23794008438
23698696056
23498127780
23494364195
23394418213
27723213096
25517149467
22098117491
5851851938
22993253118
21797991241
23898047131
42470620473
22298835227
43412760218
23993937516
40020771132
19597785304
22994175880
23498802584
58251180501
23799035682
29726131989
23093560459
21597994444
23693552625
23093666365
58201477824
26367710895
22415495758
42620509055
23798935791
41709064679
23998825368
58201455712
24085757614
29038903235
23998813769
22798207871
23493397825
41376046630
14294305271
23898415307
40753367381
23098365354
18099287130
22299199266
22397762125
21299575778
42901616788
23798721738
18999839630
22793647575
22693486313
23697776419
41370670499
41823259055
23899136781
22797973610
23994328678
28653115736
21797688271
27278273622
23898224724
23798378063
22897590414
22198066709
18797753693
22394236083
29723600000
23598511021
28821777774
25618623768
23293646317
28217727076
20797998985
23494318019
23898180147
23498544538
21599442739
42872482103
23598449582
26387247251
29579967966
18399866467
43602498262
23598839896
23892788968
27717021276
25897561163
23598907132
23693669760
22798045347
23793850424
24669722273
29586583788
23993960179
18399731207
23297286324
23198013056
22993580018
23694331927
23698227979
28279089760
22694349540
23594283222
22297400409
27074460745
23298058818
22193725912
23694270183
20799360201
22493676147
27756089971
41400918337
58250837156
23064383145
27893036644
22798562837
22398221008
23998703560
22593649006
28963588811
19998016754
26684074158
26380619860
23397564086
20499370680
18298297681
41218581755
23798584895
23193227533
22998788107
23998336288
54250236692
23598476976
23398406940
21897751037
18999554481
23994056813
26822424940
23297689433
22898000819
28813551026
23494255595
41862775563
23993638598
27224524082
23298554041
23394013148
20999542442
58250895798
23898711715
23594235417
22998138693
23594049922
25843477072
58202371638
27780999644
26687206970
29317718486
20098103840
22298162307
23498175102
29900134679
23091457993
23998652042
22293432663
26089381335
25077432810
29934233946
19098496609
58202272821
58200962326
23294299102
24306536512
29069463744
23892785350
22193633235
18899849975
23193687987
22197733996
43051061859
29777784354
18199642738
41824442842
23294191811
23898079333
24683113922
28323360180
23794418695
23398983948
23694359453
26206820828
23497911907
19598076999
24535256770
58250274085
23594255538
28422995344
41251530535
28507234256
23694163982
29938440633
23594308955
22998826624
43051725060
58251723803
23494020346
41073430269
22393415180
41723438868
19397871834
22397306555
40108296568
25409178191
23693613263
58250274188
19098299199
58251439787
41600437219
19398291496
20599376992
19799705437
22294429004
22994317878
28888544749
23793891778
23498020163
23898825313
21299550327
28279574469
23994077976
23891076884
23394231911
29265808640
22497994128
29683860754
24847137320
23798696940
27250392698
23197997573
26563602256
23898308565
57850073829
44003430428
25000786549
21197807430
27268108709
29457074931
22199227236
23093930080
23497773171
20698263213
21999596663
21199567031
22998062615
29821581944
23793850663
22997986020
27364436864
19127359873
22393733519
43775313475
42155992394
22697679344
21699494486
23397976031
23998663287
22997987302
58200259811
23593574116
21998100061
23594040070
23998840978
23993877623
23997764517
26007205419
19998009120
22493589447
22493266350
21599317416
23998848339
24339865570
29822997557
23893099610
23297726066
23798922917
28622215079
28327740282
40854113858
23693664111
21197686235
23098328279
22393884518
26341924734
23398655224
23998981842
23564749930
23494244676
23993275098
42251607726
25830178909
23393273365
23794157701
27523637706
22593592994
21097752618
23697733371
43552646048
58200127286
58201777224
23193936732
23698727130
24032277722
26013755923
28365818038
22498051049
25572045816
23494136761
23498543968
27972076040
23794220123
48151242930
23898889179
53200239950
43654316160
40824548067
22037883179
23093947930
23698859507
42506025448
23997289453
58200775710
23693553557
18298031287
20097924103
23393662589
29376640341
22897728498
41201535754
16279751436
19997974989
22193215343
23594051260
24344002691
23693410484
22993815980
23998981963
22294387263
23698041300
40620546512
23298312882
23698171502
23093596409
19297728627
23694341727
23594019404
23698004496
24741742530
19599498903
18097640328
23898528346
21398272147
22493417952
21499650350
42775499094
23798443661
22797336686
23494438021
27207325800
43558610576
20699263520
20409326272
22893648064
23698302592
23898092387
25485744033
23293247993
22197715315
21297731722
23493977892
42308607743
24580266642
26072967167
21799833684
26677855166
23193635157
22199056001
23598426062
23293700207
22793682606
